0.02494633197784424
9.997174143791199
8.419377207756042
9.94304358959198
6.062617301940918
1.1378389596939087
9.995996356010437
0.11657655239105225
6.997904181480408
9.994122982025146
9.983667731285095
0.07890641689300537
0.9742683172225952
0.002917647361755371
0.016181468963623047
0.08547425270080566
8.649370670318604
0.12367725372314453
9.99703586101532
0.04633307456970215
0.205305814743042
0.005571246147155762
7.577748894691467
9.990680813789368
9.997233748435974
9.996614456176758
9.99623417854309
9.699274897575378
0.013879537582397461
0.004793405532836914
0.3448975086212158
8.80751371383667
1.6049230098724365
5.487657785415649
0.011793971061706543
0.8020597696304321
9.998840093612671
0.0019401311874389648
4.890773296356201
0.00218808650970459
9.998756647109985
9.940008521080017
0.013443231582641602
0.07554352283477783
9.99881625175476
9.993082284927368
0.028310418128967285
9.543774127960205
0.002256035804748535
0.0036966800689697266
9.939509630203247
9.989394545555115
9.997987151145935
0.023605823516845703
9.983434677124023
0.002467036247253418
9.980868101119995
9.893258810043335
3.468731641769409
0.006445050239562988
3.8723474740982056
0.6446021795272827
0.011410713195800781
9.997544884681702
7.8531187772750854
9.972924590110779
0.003025531768798828
9.998739957809448
0.002270340919494629
9.984896183013916
0.004277825355529785
9.97786283493042
0.08236527442932129
0.04772543907165527
9.687477946281433
0.03284335136413574
0.003622770309448242
9.991346001625061
9.126101732254028
9.864040613174438
0.014937520027160645
0.003712177276611328
0.012126564979553223
9.992555975914001
9.996376037597656
0.3356057405471802
0.03710746765136719
0.030304789543151855
9.997102618217468
0.010932683944702148
0.0023549795150756836
9.980915188789368
9.98009979724884
0.009543299674987793
0.02744615077972412
0.0019544363021850586
9.970356225967407
9.997848868370056
8.447500467300415
9.936368465423584
9.997902512550354
0.015900135040283203
9.936034083366394
8.459539413452148
9.916560649871826
7.62876033782959
9.997202754020691
0.007923245429992676
9.997826218605042
9.988259673118591
0.014039874076843262
9.99835729598999
9.998698234558105
9.995062351226807
0.0069081783294677734
0.007453560829162598
9.998691082000732
9.899792671203613
0.09129106998443604
0.0033521652221679688
0.0018221139907836914
0.011882781982421875
0.19504249095916748
9.837540984153748
9.947115182876587
9.997473359107971
0.002931952476501465
0.014937520027160645
9.993541836738586
0.365329384803772
0.11126399040222168
9.949927926063538
9.996497631072998
0.08646547794342041
9.997193217277527
9.997618794441223
9.340967535972595
0.03655970096588135
9.970546960830688
0.12218713760375977
9.987403750419617
0.0882798433303833
0.008442401885986328
9.985799789428711
0.009341835975646973
9.998371601104736
9.949164390563965
0.0025218725204467773
0.048928260803222656
9.997957348823547
0.05029857158660889
0.0031554698944091797
9.99373972415924
0.03112971782684326
0.11476576328277588
0.013386011123657227
0.04129230976104736
0.05040168762207031
2.3944860696792603
9.998098015785217
0.00402987003326416
9.994588494300842
9.95599627494812
0.10687410831451416
9.957329630851746
0.0024622678756713867
9.995335340499878
0.007048845291137695
0.00628054141998291
0.0059413909912109375
9.996088147163391
0.02270519733428955
9.997479319572449
9.918096661567688
8.375827074050903
9.998455047607422
0.09811103343963623
0.009126663208007812
0.20112156867980957
0.020053386688232422
0.05268692970275879
0.029450654983520508
0.03614306449890137
0.03581643104553223
9.998513460159302
0.011426210403442383
9.998636245727539
9.9980229139328
9.966161847114563
0.03980457782745361
9.998843669891357
9.12270963191986
9.997145533561707
0.022329092025756836
9.970154762268066
0.002282261848449707
0.00910639762878418
0.0024908781051635742
0.07535576820373535
0.0019913911819458008
9.987934827804565
9.992735981941223
0.009151697158813477
0.011270642280578613
9.998902082443237
0.06033658981323242
8.506921529769897
9.992726445198059
9.952313303947449
9.965728521347046
0.0019735097885131836
9.996780157089233
9.998500347137451
9.997465014457703
0.01391589641571045
0.0828695297241211
9.977381229400635
8.589965105056763
0.016825199127197266
0.003775358200073242
0.006085634231567383
0.037899017333984375
0.023136138916015625
0.003393888473510742
0.013172030448913574
0.09293258190155029
9.99498724937439
0.004942417144775391
9.947543144226074
9.996623992919922
0.008379220962524414
0.013025403022766113
9.9937903881073
3.371725082397461
0.020116567611694336
4.369032979011536
0.0068628787994384766
0.20558059215545654
0.15075922012329102
0.046048760414123535
0.21742165088653564
0.0028640031814575195
0.0030183792114257812
0.006271004676818848
9.99870777130127
0.04675149917602539
9.998365640640259
0.08680880069732666
0.0021272897720336914
9.830060601234436
0.002402663230895996
9.988152980804443
0.016520023345947266
0.05468904972076416
9.996683597564697
0.0020009279251098633
0.5236434936523438
9.993361830711365
0.36368250846862793
9.996558427810669
9.92550015449524
9.97163474559784
0.5341231822967529
0.01810014247894287
9.978287816047668
0.04598736763000488
9.998053908348083
0.05966484546661377
1.703476905822754
0.3190743923187256
0.004090666770935059
9.990874528884888
0.007330775260925293
9.833819270133972
9.990122318267822
0.06992220878601074
0.041971802711486816
0.008676648139953613
9.99874234199524
9.98612642288208
9.99658465385437
9.995834231376648
9.981312155723572
0.3031337261199951
0.19780457019805908
0.004773139953613281
9.942072629928589
0.4638272523880005
9.996045231819153
0.04819750785827637
0.0046634674072265625
9.8595130443573
9.94396686553955
9.998313188552856
9.996670484542847
0.0031709671020507812
9.997738003730774
0.029834508895874023
9.984265565872192
0.01811683177947998
0.12674212455749512
9.987093210220337
0.003975033760070801
1.93462073802948
0.005856752395629883
9.930335283279419
0.0036001205444335938
9.994551539421082
0.006954669952392578
9.990386962890625
0.02397596836090088
9.99603807926178
0.4848659038543701
0.0028449296951293945
0.0038421154022216797
7.723886966705322
0.005155801773071289
9.994852542877197
0.27598321437835693
9.894311428070068
9.98857855796814
0.0569385290145874
0.5765902996063232
9.99580204486847
9.99616265296936
0.0030863285064697266
9.997366070747375
0.15620887279510498
0.06187319755554199
0.0025838613510131836
0.018984675407409668
0.02323329448699951
9.997451901435852
0.0040596723556518555
7.799965143203735
9.469784498214722
1.4791339635849
9.960429668426514
9.998465776443481
9.965121150016785
9.998629093170166
9.998602867126465
0.0030601024627685547
0.006103515625
9.737725257873535
0.008116364479064941
9.94019627571106
9.66378927230835
0.2485644817352295
9.995468258857727
0.010595917701721191
0.006601214408874512
5.9892308712005615
0.003919005393981934
9.994086027145386
0.014401078224182129
0.0031328201293945312
0.02067089080810547
0.004850625991821289
9.998668432235718
1.2141281366348267
9.997060894966125
9.998478889465332
9.990768432617188
0.0028520822525024414
9.955282807350159
9.990692734718323
9.978312849998474
0.05094766616821289
7.740026116371155
0.005269646644592285
0.007126927375793457
0.0018531084060668945
0.00808417797088623
9.997320771217346
9.84193742275238
0.2593892812728882
9.86172616481781
8.129600286483765
9.87030565738678
0.00970602035522461
0.015857219696044922
0.0168609619140625
9.998084902763367
9.998177886009216
6.23151421546936
6.582362651824951
0.030226707458496094
0.0366896390914917
9.99849796295166
0.006235241889953613
0.017415881156921387
0.04765808582305908
0.05866706371307373
9.993717074394226
0.05415499210357666
0.002022385597229004
0.0023347139358520508
0.0038480758666992188
0.02525150775909424
9.852266907691956
0.010066628456115723
9.995999932289124
9.976619482040405
9.961169958114624
9.995505213737488
9.997382760047913
9.479185342788696
9.99738872051239
9.98505711555481
0.0020998716354370117
9.994428753852844
0.02541959285736084
9.9982351064682
9.997851252555847
9.923717975616455
0.0024312734603881836
9.998750686645508
9.98855710029602
0.011586546897888184
0.011937618255615234
0.016585588455200195
6.390335559844971
9.72268283367157
0.03361105918884277
0.009534955024719238
9.996241331100464
9.99594271183014
0.01421809196472168
9.997344613075256
0.04207134246826172
9.998335838317871
9.987049102783203
0.008011460304260254
9.998331069946289
0.006267428398132324
9.945709109306335
0.002625584602355957
0.006041526794433594
0.005066394805908203
1.1103624105453491
0.011808276176452637
9.933104515075684
9.99785840511322
0.30684471130371094
9.98007357120514
0.0066345930099487305
0.02160191535949707
0.003794431686401367
0.0038820505142211914
0.11426329612731934
0.07478535175323486
9.998493194580078
0.0040978193283081055
9.998182654380798
0.005034208297729492
8.597477078437805
9.983049631118774
9.995064735412598
9.99124825000763
0.606197714805603
0.2694350481033325
0.06399333477020264
0.07316529750823975
9.998270869255066
0.0037610530853271484
0.005562901496887207
0.009077787399291992
0.037950873374938965
9.996155500411987
0.0026208162307739258
9.99865174293518
0.00966787338256836
1.0436910390853882
9.959623217582703
0.0026363134384155273
9.989799857139587
9.989486336708069
0.020666122436523438
0.0030660629272460938
0.09431660175323486
9.982808828353882
9.9974924325943
0.005431771278381348
0.024278759956359863
0.006461739540100098
9.993547797203064
0.0020450353622436523
9.996875524520874
9.994913339614868
0.21547973155975342
0.07072150707244873
0.007821321487426758
9.96644377708435
0.009317994117736816
0.06460845470428467
9.996758699417114
0.14763712882995605
5.033456087112427
9.99777376651764
9.998812675476074
9.9976247549057
9.997239708900452
9.5337975025177
0.4922229051589966
0.002828240394592285
0.43083250522613525
0.3979766368865967
9.996458292007446
4.240984320640564
0.37463247776031494
9.003329277038574
0.0026553869247436523
9.997649788856506
0.004331469535827637
9.996317625045776
0.022756457328796387
9.996955394744873
0.153006911277771
9.881021976470947
0.004314780235290527
9.995352029800415
7.7168869972229
0.011973381042480469
0.017223358154296875
0.013761520385742188
9.991532564163208
0.003622770309448242
0.004453063011169434
9.997902512550354
0.7700234651565552
0.017831921577453613
9.993211030960083
0.004560351371765137
1.7850476503372192
0.01886725425720215
9.997628331184387
0.02427041530609131
0.020031332969665527
7.408720254898071
8.330069184303284
9.996114373207092
0.0024312734603881836
0.0018328428268432617
0.020499825477600098
9.99763548374176
0.01220405101776123
9.930752515792847
0.3061211109161377
0.012305378913879395
0.002530217170715332
9.982807636260986
9.96172845363617
9.85670030117035
9.985973238945007
9.97757375240326
0.004670619964599609
0.007933974266052246
0.07210314273834229
3.310534358024597
0.028540492057800293
9.98752236366272
9.998867511749268
0.08460819721221924
0.0038576126098632812
9.997896552085876
0.01834094524383545
2.6525378227233887
9.976020455360413
9.325389862060547
0.0031232833862304688
9.998730421066284
0.003362894058227539
9.998291730880737
9.998525381088257
9.995647072792053
0.024328231811523438
9.846779108047485
0.009527802467346191
9.93344783782959
0.07181525230407715
0.0021392107009887695
1.6054022312164307
0.0021201372146606445
9.973727464675903
8.648075461387634
0.07641494274139404
0.016637444496154785
9.66712474822998
9.994372725486755
7.45957612991333
9.998098015785217
0.005977153778076172
0.0019365549087524414
9.998555183410645
9.913650751113892
9.97724711894989
0.009052753448486328
9.824368953704834
4.613672494888306
6.780600547790527
9.981594681739807
9.996724128723145
0.00682830810546875
0.04048943519592285
0.05928456783294678
9.998677968978882
0.0028771162033081055
9.994657635688782
0.009946227073669434
0.421183705329895
9.951649904251099
0.08083999156951904
0.5834579467773438
0.06986677646636963
0.003965497016906738
0.0037908554077148438
8.632144331932068
0.10235428810119629
0.1381891965866089
0.05467653274536133
0.17932415008544922
9.995803236961365
0.03940224647521973
9.99879240989685
0.004016757011413574
8.74462366104126
0.0019675493240356445
9.998400211334229
9.635209441184998
9.998536109924316
9.955359697341919
9.998650550842285
9.99060332775116
0.39306640625
0.4588484764099121
0.0106889009475708
0.007273554801940918
0.07265567779541016
8.640115857124329
0.06766021251678467
0.010340213775634766
0.03686368465423584
9.992259740829468
0.035193562507629395
0.008378028869628906
0.007669925689697266
0.003497600555419922
0.06994009017944336
0.006887912750244141
9.472530484199524
0.01021265983581543
0.0716942548751831
9.757493734359741
0.0027936697006225586
2.7956533432006836
9.994449019432068
0.06637811660766602
0.003603696823120117
0.012049674987792969
0.04103541374206543
9.966683983802795
0.003107786178588867
9.998379945755005
0.0663977861404419
9.991532564163208
0.0037240982055664062
9.996134638786316
0.01378774642944336
0.0034880638122558594
0.041133761405944824
0.008049607276916504
9.99472439289093
0.008839964866638184
0.041217803955078125
0.004379153251647949
0.005103349685668945
0.02281665802001953
9.998823404312134
9.797614812850952
0.003959536552429199
9.977084398269653
0.3375673294067383
9.994500279426575
0.018955469131469727
9.995447993278503
9.997068047523499
0.00794827938079834
9.917650818824768
0.10225534439086914
0.09010612964630127
9.86984372138977
0.004680156707763672
9.997393488883972
4.049935340881348
9.998204112052917
8.834460973739624
0.006436705589294434
0.13431787490844727
9.997356534004211
9.998835325241089
0.0036013126373291016
0.005004405975341797
9.992627501487732
0.024712681770324707
0.005996227264404297
0.002015233039855957
0.0028520822525024414
0.001824498176574707
9.996662139892578
9.988382458686829
0.021505355834960938
9.992507100105286
3.6228877305984497
0.17203807830810547
9.992097616195679
0.023908615112304688
9.998747110366821
9.683358073234558
9.990532994270325
9.996869564056396
0.0027543306350708008
0.00906825065612793
0.04786252975463867
6.725008487701416
9.963794350624084
9.990478157997131
0.02981424331665039
0.010972023010253906
9.989672899246216
9.978306889533997
9.991422891616821
0.0020557641983032227
0.026382803916931152
0.0021785497665405273
0.004339814186096191
8.555706143379211
9.753231406211853
9.991669654846191
0.6647461652755737
0.00853419303894043
9.998399019241333
9.992992877960205
0.013156533241271973
0.002766251564025879
9.537336230278015
9.141765236854553
9.998264908790588
9.998525381088257
0.001887679100036621
9.989603757858276
9.991315007209778
0.11050224304199219
9.59909200668335
9.898793697357178
8.14162790775299
9.997535347938538
9.963144659996033
0.02947211265563965
9.9848073720932
9.99795377254486
9.956845045089722
9.994474053382874
9.996527433395386
9.80600893497467
9.998217225074768
0.1553797721862793
0.029450654983520508
9.997532963752747
9.99391794204712
9.997795224189758
8.169991970062256
0.004589557647705078
0.0712043046951294
9.990332126617432
0.09660065174102783
9.989818930625916
9.995689988136292
9.990066885948181
9.993170499801636
0.03838658332824707
0.0030040740966796875
0.008291006088256836
9.997592568397522
0.01760721206665039
0.06316900253295898
9.992871880531311
0.026453733444213867
9.987962245941162
0.007306933403015137
0.606878399848938
9.498283863067627
9.994220733642578
5.542985796928406
0.07402896881103516
9.998503923416138
9.978702068328857
8.40177595615387
9.99637484550476
9.988706707954407
9.105055928230286
9.994396567344666
0.026186108589172363
0.16812503337860107
0.17069518566131592
9.993816614151001
9.72236692905426
0.009189844131469727
9.93685781955719
0.0022536516189575195
9.9952232837677
9.949750900268555
0.014284849166870117
9.594988822937012
0.08520364761352539
7.725275754928589
9.997026324272156
0.008304119110107422
9.658592343330383
9.80422854423523
9.998612403869629
9.998414516448975
9.998785257339478
0.011574625968933105
0.002396702766418457
9.996880292892456
9.952685236930847
9.950114488601685
9.988228678703308
0.05577981472015381
9.99188244342804
0.009267330169677734
0.030919909477233887
9.990991353988647
9.98863935470581
0.0032651424407958984
0.02910912036895752
0.010153651237487793
0.01002490520477295
9.589207172393799
9.979211688041687
9.736655950546265
0.1135176420211792
0.007725954055786133
0.003038644790649414
0.09035110473632812
0.039225220680236816
9.889950156211853
0.024706721305847168
0.018714070320129395
0.0019496679306030273
9.99327301979065
0.004727840423583984
0.005177855491638184
9.986974596977234
0.0019222497940063477
9.955509901046753
0.008237957954406738
9.974672794342041
9.953210949897766
9.994717240333557
9.985912442207336
9.98373031616211
9.9913090467453
9.95635449886322
0.031789541244506836
0.5986577272415161
9.996627569198608
7.149494886398315
0.062406063079833984
0.03785431385040283
9.983751773834229
9.998233914375305
0.09303450584411621
0.17186760902404785
9.998770952224731
0.0030946731567382812
0.011619925498962402
0.018802285194396973
9.909934401512146
0.003522634506225586
9.99837040901184
0.0772714614868164
9.997621178627014
0.4251253604888916
0.006120204925537109
0.002217888832092285
0.00873863697052002
9.830235838890076
0.14216065406799316
9.96774137020111
9.992271661758423
0.639912486076355
9.939725995063782
9.85724925994873
0.005486607551574707
9.989570379257202
9.996432065963745
0.04615962505340576
0.10418176651000977
0.2510160207748413
8.727452158927917
0.05683004856109619
0.6416958570480347
0.004467368125915527
0.09632229804992676
9.991452693939209
4.030227065086365
0.03623664379119873
0.006712675094604492
9.998666048049927
0.0029641389846801758
9.986590147018433
0.061547160148620605
0.4418545961380005
9.96387004852295
0.07192850112915039
9.922675490379333
0.007368922233581543
9.991056323051453
0.0077342987060546875
0.033007264137268066
9.996970891952515
0.012513399124145508
0.004988908767700195
0.0036525726318359375
9.99657154083252
0.1733112335205078
0.013584494590759277
0.08439719676971436
0.006523728370666504
9.998620748519897
9.918301701545715
0.009243488311767578
9.997888207435608
9.996340274810791
0.5423355102539062
9.884401559829712
9.997143149375916
0.031937360763549805
0.0039261579513549805
9.996572732925415
9.994211196899414
0.008165240287780762
0.004789829254150391
9.970890879631042
0.05387425422668457
0.0032269954681396484
9.313448071479797
0.0043457746505737305
0.012966394424438477
9.948166012763977
3.4286481142044067
9.9732506275177
0.008524656295776367
9.986061453819275
9.998879432678223
0.018224716186523438
0.0036144256591796875
0.08001625537872314
9.913116693496704
3.1478911638259888
9.989308714866638
2.025441527366638
0.037793517112731934
8.757571578025818
0.01775205135345459
9.90907907485962
0.0035881996154785156
9.984740614891052
0.004170536994934082
0.03397941589355469
0.038413405418395996
0.0024455785751342773
0.001837611198425293
7.820144295692444
9.998562335968018
1.1603587865829468
0.012507438659667969
9.99491810798645
9.843584299087524
9.983543157577515
0.07881283760070801
0.0060176849365234375
0.00563204288482666
9.911497831344604
0.04826366901397705
0.01712977886199951
0.002790093421936035
9.982532858848572
0.046648383140563965
0.0018852949142456055
9.993119239807129
0.0028187036514282227
9.99790608882904
3.8826173543930054
0.0589984655380249
9.989486336708069
9.95515525341034
9.991538524627686
